1.934567367025777e-03
2.032197267285709e-03
2.134568370440043e-03
2.241780913037546e-03
2.353961482796075e-03
2.471257122435880e-03
2.593831796800163e-03
2.721864051608861e-03
2.855545365825133e-03
2.995078953808220e-03
3.140678876667833e-03
3.292569372685983e-03
3.450984346060754e-03
3.616166971908029e-03
3.788369387730540e-03
3.967852449737467e-03
4.154885537957381e-03
4.349746397947985e-03
4.552721009664842e-03
4.764103476078558e-03
4.984195925628927e-03
5.213308423757911e-03
5.451758889635830e-03
5.699873014896142e-03
5.957984181723833e-03
6.226433378093360e-03
6.505569108296254e-03
6.795747297197488e-03
7.097331186899941e-03
7.410691224702429e-03
7.736204941415653e-03
8.074256819250883e-03
8.425238148633385e-03
8.789546873412647e-03
9.167587424051172e-03
9.559770538469858e-03
9.966513070323040e-03
1.038823778456400e-02
1.082537314023320e-02
1.127835306048767e-02
1.174761668995680e-02
1.223360813957515e-02
1.273677621911703e-02
1.325757415770898e-02
1.379645931266721e-02
1.435389286705110e-02
1.493033951639112e-02
1.552626714508689e-02
1.614214649303124e-02
1.677845081305084e-02
1.743565551980176e-02
1.811423783079571e-02
1.881467640026558e-02
1.953745094660865e-02
2.028304187418339e-02
2.105192989024287e-02
2.184459561782625e-02
2.266151920543071e-02
2.350317993430856e-02
2.437005582423459e-02
2.526262323860322e-02
2.618135648970174e-02
2.712672744501309e-02
2.809920513539075e-02
2.909925536593230e-02
3.012734033037085e-02
3.118391822977769e-02
3.226944289635079e-02
3.338436342303855e-02
3.452912379971714e-02
3.570416255660892e-02
3.690991241559695e-02
3.814679995005222e-02
3.941524525375110e-02
4.071566161941787e-02
4.204845522739004e-02
4.341402484485273e-02
4.481276153604741e-02
4.624504838381233e-02
4.771126022276398e-02
4.921176338438198e-02
5.074691545421112e-02
5.231706504134770e-02
5.392255156032437e-02
5.556370502546725e-02
5.724084585774621e-02
5.895428470409516e-02
6.070432226913602e-02
6.249124915918988e-02
6.431534573842293e-02
6.617688199693031e-02
6.807611743051808e-02
7.001330093191069e-02
7.198867069307133e-02
7.400245411828812e-02
7.605486774764475e-02
7.814611719046936e-02
8.027639706831630e-02
8.244589096701696e-02
8.465477139730568e-02
8.690319976350415e-02
8.919132633972768e-02
9.151929025305575e-02
9.388721947308808e-02
9.629523080729951e-02
9.874342990158427e-02
1.012319112453708e-01
1.037607581806826e-01
1.063300429144982e-01
1.089398265337728e-01
1.115901590224594e-01
1.142810792798774e-01
1.170126151397589e-01
1.197847833893098e-01
1.225975897876121e-01
1.254510290827050e-01
1.283450850266648e-01
1.312797303880323e-01
1.342549269609095e-01
1.372706255700801e-01
1.403267660714879e-01
1.434232773474249e-01
1.465600772957797e-01
1.497370728126964e-01
1.529541597680059e-01
1.562112229727919e-01
1.595081361384732e-01
1.628447618267945e-01
1.662209513901316e-01
1.696365449015471e-01
1.730913710740236e-01
1.765852471683332e-01
1.801179788889869e-01
1.836893602677122e-01
1.872991735339116e-01
1.909471889715709e-01
1.946331647620987e-01
1.983568468126506e-01
2.021179685695315e-01
2.059162508163517e-01
2.097514014566476e-01
2.136231152807186e-01
2.175310737163954e-01
2.214749445634323e-01
2.254543817111386e-01
2.294690248388600e-01
2.335184990989503e-01
2.376024147820358e-01
2.417203669645990e-01
2.458719351392226e-01
2.500566828280935e-01
2.542741571805151e-01
2.585238885551144e-01
2.628053900871413e-01
2.671181572408057e-01
2.714616673461750e-01
2.758353791199711e-01
2.802387321698953e-01
2.846711464829960e-01
2.891320218999440e-01
2.936207375786059e-01
2.981366514514198e-01
3.026790996812528e-01
3.072473961192544e-01
3.118408317657735e-01
3.164586742322864e-01
3.211001671997312e-01
3.257645298679260e-01
3.304509563931621e-01
3.351586153167476e-01
3.398866489952390e-01
3.446341730509184e-01
3.494002758653969e-01
3.541840181369890e-01
3.589844325121889e-01
3.638005232846643e-01
3.686312661363690e-01
3.734756078823158e-01
3.783324661810565e-01
3.832007291923021e-01
3.880792552004643e-01
3.929668722692375e-01
3.978623780314118e-01
4.027645397303283e-01
4.076720945992385e-01
4.125837505889718e-01
4.174981873477100e-01
4.224140572534821e-01
4.273299862459704e-01
4.322445742417685e-01
4.371563950656144e-01
4.420639960681900e-01
4.469658978608608e-01
4.518605947753808e-01
4.567465566435621e-01
4.616222322199754e-01
4.664860540571268e-01
4.713364440156568e-01
4.761718180790611e-01
4.809905890089384e-01
4.857911658269952e-01
4.905719501740568e-01
4.953313310497176e-01
5.000676807984401e-01
5.047793558518424e-01
5.094647051041771e-01
5.141220866686644e-01
5.187498904817747e-01
5.233465607711612e-01
5.279106102159002e-01
5.324406181468386e-01
5.369352091827800e-01
5.413930158787503e-01
5.458126373596370e-01
5.501926123340866e-01
5.545314257577874e-01
5.588275612008746e-01
5.630795956726015e-01
5.672863138037372e-01
5.714468007888253e-01
5.755604669133948e-01
5.796269679629789e-01
5.836460173461552e-01
5.876171314128052e-01
5.915393948202201e-01
5.954113580417102e-01
5.992311653520453e-01
6.029969494363154e-01
6.067074259513198e-01
6.103625065799606e-01
6.139636681635159e-01
6.175138184636993e-01
6.210165194407750e-01
6.244746598843046e-01
6.278889482553434e-01
6.312568116370479e-01
6.345723149210944e-01
6.378274882973678e-01
6.410150183079627e-01
6.441317735924831e-01
6.471822451506258e-01
6.501806466691207e-01
6.531499581665331e-01
6.561158009128678e-01
6.590940694288572e-01
6.620758254112624e-01
6.650204088254249e-01
6.678700082758158e-01
6.705847009539326e-01
6.731710504820818e-01
6.756843455003673e-01
6.781971930549069e-01
6.807559293572203e-01
6.833599157572012e-01
6.859701199529132e-01
6.885344952402622e-01
6.910179423759047e-01
6.934141367536739e-01
6.957386119600175e-01
6.980149382732320e-01
7.002638227977441e-01
7.024981036939054e-01
7.047223204894960e-01
7.069346772581541e-01
7.091298293663879e-01
7.113015776332083e-01
7.134449237605229e-01
7.155571926615532e-01
7.176381892090544e-01
7.196896053209877e-01
7.217140458098971e-01
7.237140540890271e-01
7.256914140511987e-01
7.276468456175830e-01
7.295800640408493e-01
7.314900786520215e-01
7.333755767594917e-01
7.352352611149978e-01
7.370680617397617e-01
7.388732011943224e-01
7.406501388204914e-01
7.423984450859344e-01
7.441176612772714e-01
7.458071877222734e-01
7.474662235282932e-01
7.490937603378780e-01
7.506886174146091e-01
7.522494980006332e-01
7.537750470166399e-01
7.552638955803116e-01
7.567146855247264e-01
7.581260743901654e-01
7.594967264319148e-01
7.608252973396241e-01
7.621104198771408e-01
7.633506954135376e-01
7.645446934131080e-01
7.656909583285700e-01
7.667880215952998e-01
7.678344157540667e-01
7.688286880005257e-01
7.697694113351254e-01
7.706551925734839e-01
7.714846774403162e-01
7.722565536023210e-01
7.729695527317900e-01
7.736224525855607e-01
7.742140797562693e-01
7.747433133472559e-01
7.752090894605345e-01
7.756104061454184e-01
7.759463283595439e-01
7.762159925274461e-01
7.764186104014104e-01
7.765534720835677e-01
7.766199482115173e-01
7.766174914121280e-01
7.765456371770295e-01
7.764040043124857e-01
7.761922950796580e-01
7.759102950873438e-01
7.755578729454341e-01
7.751349796462934e-01
7.746416476195102e-01
7.740779894033477e-01
7.734441958898152e-01
7.727405341229964e-01
7.719673446553983e-01
7.711250384888533e-01
7.702140936414944e-01
7.692350513891520e-01
7.681885122290174e-01
7.670751316076828e-01
7.658956154472878e-01
7.646507154951138e-01
7.633412245155270e-01
7.619679713395721e-01
7.605318157871337e-01
7.590336434786586e-01
7.574743605569967e-01
7.558548883437916e-01
7.541761579580442e-01
7.524391049261693e-01
7.506446638129333e-01
7.487937629010238e-01
7.468873189442883e-01
7.449262320161614e-01
7.429113804713539e-01
7.408436160356810e-01
7.387237590364496e-01
7.365525937839995e-01
7.343308641138390e-01
7.320592690980099e-01
7.297384589336304e-01
7.273690310158053e-01
7.249515262010052e-01
7.224864252657298e-01
7.199741455635501e-01
7.174150378819114e-01
7.148093834982380e-01
7.121573914332420e-01
7.094591958979138e-01
7.067148539295840e-01
7.039243432116618e-01
7.010875600711657e-01
6.982043176479066e-01
6.952743442290761e-01
6.922972817429869e-01
6.892726844058386e-01
6.862000175154344e-01
6.830786563860757e-01
6.799078854191323e-01
6.766868973042904e-01
6.734147923471293e-01
6.700905779195727e-01
6.667131680308582e-01
6.632813830180280e-01
6.597939493565517e-01
6.562494995934572e-01
6.526465724074554e-01
6.489836128027546e-01
6.452589724457902e-01
6.414709101568350e-01
6.376175925714630e-01
6.336970949901982e-01
6.297074024382965e-01
6.256464109616818e-01
6.215119291894691e-01
6.173016801983947e-01
6.130133037197761e-01
6.086443587354996e-01
6.041923265157816e-01
5.996546141583913e-01
5.950285586963368e-01
5.903114318490245e-01
5.855004455003444e-01
5.805927579961863e-01
5.755854813633849e-01
5.704756895620645e-01
5.652604278936311e-01
5.599367236971802e-01
5.545015984776094e-01
5.489520816190334e-01
5.432852258468499e-01
5.374981246106288e-01
5.315879315672914e-01
5.255518823492836e-01
5.193873188047885e-01
5.130917158954936e-01
5.066627114311256e-01
5.000981388072678e-01
4.933960628928621e-01
4.865548191841564e-01
4.795730563012963e-01
4.724497818499913e-01
4.651844116019679e-01
4.577768218620330e-01
4.502274047848507e-01
4.425371262792932e-01
4.347075859915225e-01
4.267410786895600e-01
4.186406561828774e-01
4.104101887028936e-01
4.020544244483043e-01
3.935790457695178e-01
3.849907202378977e-01
3.762971446300779e-01
3.675070796698492e-01
3.586303732275150e-01
3.496779695988365e-01
3.406619024935739e-01
3.315952694782696e-01
3.224921858581433e-01
3.133677163639118e-01
3.042377835391503e-01
2.951190524016651e-01
2.860287917656550e-01
2.769847135346149e-01
2.680047922682045e-01
2.591070683371568e-01
2.503094389453842e-01
2.416294421483514e-01
2.330840396615357e-01
2.246894046690026e-01
2.164607209600187e-01
2.084119995116691e-01
2.005559180931530e-01
1.929036886156533e-01
1.854649558398183e-01
1.782477297528756e-01
1.712583525269579e-01
1.645014995641178e-01
1.579802128141692e-01
1.516959634001095e-01
1.456487396652307e-01
1.398371561059439e-01
1.342585782899884e-01
1.289092587728193e-01
1.237844791875621e-01
1.188786940532715e-01
1.141856723710483e-01
1.096986337036719e-01
1.054103761098470e-01
1.013133939831042e-01
9.739998449057383e-02
9.366234189073712e-02
9.009263951404273e-02
8.668309960699554e-02
8.342605156744697e-02
8.031397934050855e-02
7.733955890896865e-02
7.449568690990993e-02
7.177550145207671e-02
6.917239620821695e-02
6.668002882412855e-02
6.429232463145586e-02
6.200347658293031e-02
5.980794225384482e-02
5.770043867785871e-02
5.567593571324294e-02
5.372964857085666e-02
5.185703008008178e-02
5.005376322552760e-02
4.831575445714220e-02
4.663912826109529e-02
4.502022348111837e-02
4.345559190454142e-02
4.194199968160585e-02
4.047643224055286e-02
3.905610350295988e-02
3.767847039325374e-02
3.634125385681233e-02
3.504246783325929e-02
3.378045793747155e-02
3.255395237534035e-02
3.136213011848449e-02
3.020471838865296e-02
2.908214736840768e-02
2.799581765005495e-02
2.694857070350873e-02
