0.000000000000000e+00    1.184082031242562e+00    2.302246093249978e-01    1.210620116809302e+00
2.711864406779661e-03    1.184082031242566e+00    2.302246093249989e-01    1.210620116809302e+00
5.423728813559322e-03    1.184082031242565e+00    2.302246093249999e-01    1.210620116809302e+00
8.135593220338983e-03    1.184082031242566e+00    2.302246093250008e-01    1.210620116809302e+00
1.084745762711865e-02    1.184082031242564e+00    2.302246093250020e-01    1.210620116809299e+00
1.355932203389831e-02    1.184082031242568e+00    2.302246093250027e-01    1.210620116809296e+00
1.627118644067797e-02    1.184082031242565e+00    2.302246093250034e-01    1.210620116809296e+00
1.898305084745763e-02    1.184082031242570e+00    2.302246093250064e-01    1.210620116809291e+00
2.169491525423729e-02    1.184082031242568e+00    2.302246093250067e-01    1.210620116809297e+00
2.440677966101695e-02    1.184082031242565e+00    2.302246093250063e-01    1.210620116809298e+00
2.711864406779661e-02    1.184082031242574e+00    2.302246093250077e-01    1.210620116809293e+00
2.983050847457627e-02    1.184082031242566e+00    2.302246093250085e-01    1.210620116809295e+00
3.254237288135593e-02    1.184082031242570e+00    2.302246093250091e-01    1.210620116809293e+00
3.525423728813559e-02    1.184082031242588e+00    2.302246093250095e-01    1.210620116809287e+00
3.796610169491526e-02    1.184082031242575e+00    2.302246093250107e-01    1.210620116809288e+00
4.067796610169492e-02    1.184082031242569e+00    2.302246093250110e-01    1.210620116809295e+00
4.338983050847458e-02    1.184082031242580e+00    2.302246093250110e-01    1.210620116809288e+00
4.610169491525424e-02    1.184082031242567e+00    2.302246093250109e-01    1.210620116809288e+00
4.881355932203390e-02    1.184082031242576e+00    2.302246093250123e-01    1.210620116809292e+00
5.152542372881357e-02    1.184082031242582e+00    2.302246093250107e-01    1.210620116809291e+00
5.423728813559323e-02    1.184082031242582e+00    2.302246093250107e-01    1.210620116809284e+00
5.694915254237289e-02    1.184082031242584e+00    2.302246093250110e-01    1.210620116809289e+00
5.966101694915255e-02    1.184082031242583e+00    2.302246093250102e-01    1.210620116809283e+00
6.237288135593221e-02    1.184082031242575e+00    2.302246093250117e-01    1.210620116809291e+00
6.508474576271187e-02    1.184082031242592e+00    2.302246093250125e-01    1.210620116809289e+00
6.779661016949153e-02    1.184082031242589e+00    2.302246093250107e-01    1.210620116809291e+00
7.050847457627119e-02    1.184082031242600e+00    2.302246093250118e-01    1.210620116809280e+00
7.322033898305086e-02    1.184082031242595e+00    2.302246093250113e-01    1.210620116809291e+00
7.593220338983052e-02    1.184082031242601e+00    2.302246093250115e-01    1.210620116809289e+00
7.864406779661018e-02    1.184082031242606e+00    2.302246093250124e-01    1.210620116809282e+00
8.135593220338984e-02    1.184082031242599e+00    2.302246093250128e-01    1.210620116809287e+00
8.406779661016950e-02    1.184082031242608e+00    2.302246093250126e-01    1.210620116809290e+00
8.677966101694916e-02    1.184082031242592e+00    2.302246093250126e-01    1.210620116809287e+00
8.949152542372882e-02    1.184082031242600e+00    2.302246093250119e-01    1.210620116809279e+00
9.220338983050848e-02    1.184082031242586e+00    2.302246093250137e-01    1.210620116809268e+00
9.491525423728814e-02    1.184082031242596e+00    2.302246093250126e-01    1.210620116809273e+00
9.762711864406780e-02    1.184082031242592e+00    2.302246093250137e-01    1.210620116809279e+00
1.003389830508475e-01    1.184082031242593e+00    2.302246093250138e-01    1.210620116809288e+00
1.030508474576271e-01    1.184082031242606e+00    2.302246093250134e-01    1.210620116809271e+00
1.057627118644068e-01    1.184082031242604e+00    2.302246093250132e-01    1.210620116809285e+00
1.084745762711865e-01    1.184082031242594e+00    2.302246093250132e-01    1.210620116809279e+00
1.111864406779661e-01    1.184082031242602e+00    2.302246093250129e-01    1.210620116809272e+00
1.138983050847458e-01    1.184082031242610e+00    2.302246093250140e-01    1.210620116809277e+00
1.166101694915254e-01    1.184082031242604e+00    2.302246093250159e-01    1.210620116809279e+00
1.193220338983051e-01    1.184082031242603e+00    2.302246093250156e-01    1.210620116809259e+00
1.220338983050848e-01    1.184082031242600e+00    2.302246093250138e-01    1.210620116809267e+00
1.247457627118644e-01    1.184082031242597e+00    2.302246093250139e-01    1.210620116809267e+00
1.274576271186441e-01    1.184082031242617e+00    2.302246093250127e-01    1.210620116809281e+00
1.301694915254237e-01    1.184082031242616e+00    2.302246093250126e-01    1.210620116809275e+00
1.328813559322034e-01    1.184082031242602e+00    2.302246093250134e-01    1.210620116809265e+00
1.355932203389831e-01    1.184082031242597e+00    2.302246093250130e-01    1.210620116809261e+00
1.383050847457627e-01    1.184082031242614e+00    2.302246093250139e-01    1.210620116809285e+00
1.410169491525424e-01    1.184082031242606e+00    2.302246093250145e-01    1.210620116809285e+00
1.437288135593220e-01    1.184082031242613e+00    2.302246093250144e-01    1.210620116809276e+00
1.464406779661017e-01    1.184082031242610e+00    2.302246093250133e-01    1.210620116809280e+00
1.491525423728814e-01    1.184082031242589e+00    2.302246093250152e-01    1.210620116809283e+00
1.518644067796610e-01    1.184082031242603e+00    2.302246093250130e-01    1.210620116809279e+00
1.545762711864407e-01    1.184082031242620e+00    2.302246093250143e-01    1.210620116809286e+00
1.572881355932204e-01    1.184082031242612e+00    2.302246093250145e-01    1.210620116809288e+00
1.600000000000000e-01    1.184082031242620e+00    2.302246093250142e-01    1.210620116809267e+00
