1.124999999999995e+00
1.124999999999995e+00
1.124999999999995e+00
1.124999999999995e+00
1.124999999999995e+00
1.124999999999995e+00
1.124999999999995e+00
1.124999999999995e+00
1.124999999999995e+00
1.124999999999995e+00
1.124999999999995e+00
1.124999999999995e+00
1.124999999999995e+00
1.124999999999995e+00
1.124999999999995e+00
1.124999999999995e+00
1.124999999999995e+00
1.124999999999995e+00
1.124999999999995e+00
1.124999999999995e+00
1.124999999999995e+00
1.124999999999995e+00
1.124999999999995e+00
1.124999999999995e+00
1.124999999999995e+00
1.124999999999995e+00
1.124999999999995e+00
1.124999999999995e+00
1.124999999999995e+00
1.124999999999995e+00
1.124999999999995e+00
1.124999999999995e+00
1.124999999999995e+00
1.124999999999995e+00
1.124999999999995e+00
1.124999999999995e+00
1.124999999999995e+00
1.124999999999995e+00
1.124999999999995e+00
1.124999999999995e+00
1.124999999999995e+00
1.124999999999994e+00
1.124999999999994e+00
1.124999999999992e+00
1.124999999999990e+00
1.124999999999989e+00
1.124999999999990e+00
1.124999999999995e+00
1.125000000000002e+00
1.125000000000007e+00
1.124999999999998e+00
1.124999999999946e+00
1.124999999999806e+00
1.124999999999527e+00
1.124999999999111e+00
1.124999999998701e+00
1.124999999998774e+00
1.125000000000397e+00
1.125000000005402e+00
1.125000000016228e+00
1.125000000034802e+00
1.125000000059511e+00
1.125000000079130e+00
1.125000000062889e+00
1.124999999947562e+00
1.124999999626499e+00
1.124999998953330e+00
1.124999997785520e+00
1.124999996109554e+00
1.124999994306415e+00
1.124999993623534e+00
1.124999996897945e+00
1.125000009493186e+00
1.125000040222535e+00
1.125000101672744e+00
1.125000208747412e+00
1.125000373356805e+00
1.125000591960884e+00
1.125000821157783e+00
1.125000934834217e+00
1.125000654824861e+00
1.124999445983191e+00
1.124996366602185e+00
1.124989866866707e+00
1.124977532046696e+00
1.124955773795103e+00
1.124919482092835e+00
1.124861661335576e+00
1.124773085282808e+00
1.124642014905500e+00
1.124454028025351e+00
1.124192007674941e+00
1.123836325863734e+00
1.123365241014349e+00
1.122755502772897e+00
1.121983131014594e+00
1.121024311525883e+00
1.119856333791970e+00
1.118458489933689e+00
1.116812859231775e+00
1.114904918449442e+00
1.112723940883472e+00
1.110263172281277e+00
1.107519795128178e+00
1.104494711076201e+00
1.101192182747146e+00
1.097619380646413e+00
1.093785879505325e+00
1.089703142726363e+00
1.085384025588225e+00
1.080842319108388e+00
1.076092348173358e+00
1.071148630478812e+00
1.066025597309716e+00
1.060737373263555e+00
1.055297609514226e+00
1.049719363869354e+00
1.044015020404264e+00
1.038196241595621e+00
1.032273946403047e+00
1.026258308484066e+00
1.020158769550151e+00
1.013984063694666e+00
1.007742249293864e+00
1.001440745771387e+00
9.950863731126025e-01
9.886853925167519e-01
9.822435469877866e-01
9.757661009979908e-01
9.692578786228908e-01
9.627232997518567e-01
9.561664141368402e-01
9.495909331603647e-01
9.430002592914726e-01
9.363975132611928e-01
9.297855590327518e-01
9.231670266708345e-01
9.165443332319614e-01
9.099197018077179e-01
9.032951788560424e-01
8.966726499550052e-01
8.900538541096643e-01
8.834403967368414e-01
8.768337614455408e-01
8.702353207230477e-01
8.636463456287268e-01
8.570680145895331e-01
8.505014213834592e-01
8.439475823897005e-01
8.374074431773115e-01
8.308818844975658e-01
8.243717277392093e-01
8.178777399002372e-01
8.114006381247654e-01
8.049410938490056e-01
7.984997365961753e-01
7.920771574564940e-01
7.856739122850454e-01
7.792905246473744e-01
7.729274885400209e-01
7.665852709109109e-01
7.602643140024980e-01
7.539650375388415e-01
7.476878407762737e-01
7.414331044361363e-01
7.352011925370375e-01
7.289924541433140e-01
7.228072250458701e-01
7.166458293912199e-01
7.105085812745333e-01
7.043957863126212e-01
6.983077432132488e-01
6.922447453579011e-01
6.862070824161497e-01
6.801950420111718e-01
6.742089114577873e-01
6.682489795966292e-01
6.623155387509132e-01
6.564088868356550e-01
6.505293296534965e-01
6.446771834162783e-01
6.388527775377875e-01
6.330564577504585e-01
6.272885896078804e-01
6.215495624457683e-01
6.158397938871963e-01
6.101597349937075e-01
6.045098761830778e-01
5.988907540576728e-01
5.933029593153797e-01
5.877471459491181e-01
5.822240419820647e-01
5.767344620356663e-01
5.712793220878611e-01
5.658596568518943e-01
5.604766402940070e-01
5.551316099136699e-01
5.498260955356230e-01
5.445618535111392e-01
5.393409073983146e-01
5.341655963875669e-01
5.290386329552202e-01
5.239631714551810e-01
5.189428895756814e-01
5.139820847568903e-01
5.090857877201151e-01
5.042598950918077e-01
4.995113225436568e-01
4.948481786513219e-01
4.902799574163411e-01
4.858177435706376e-01
4.814744187192840e-01
4.772648473269442e-01
4.732060088973565e-01
4.693170263830423e-01
4.656190221946261e-01
4.621347159493728e-01
4.588876698524408e-01
4.559011002239523e-01
4.531962217778746e-01
4.507901864208735e-01
4.486938184717840e-01
4.469095049557672e-01
4.454297132188403e-01
4.442366022404987e-01
4.433030159670196e-01
4.425948160296293e-01
4.420741371656051e-01
4.417028893334820e-01
4.414458026305706e-01
4.412725172852969e-01
4.411585512667176e-01
4.410852835613289e-01
4.410392692107801e-01
4.410112337210454e-01
4.409950241713335e-01
4.409866859303304e-01
4.409837354427673e-01
4.409846326703623e-01
4.409884224074525e-01
4.409945029961440e-01
4.410024835942509e-01
4.410120992037083e-01
4.410231614745266e-01
4.410355307302369e-01
4.410491001350689e-01
4.410637866097055e-01
4.410795254240648e-01
4.410962667805807e-01
4.411139734905270e-01
4.411326192776193e-01
4.411521874707859e-01
4.411726699640927e-01
4.411940663794033e-01
4.412163833953608e-01
4.412396342199197e-01
4.412638381906578e-01
4.412890204910225e-01
4.413152119734495e-01
4.413424490824702e-01
4.413707738729627e-01
4.414002341207499e-01
4.414308835247245e-01
4.414627820018621e-01
4.414959960786845e-01
4.415305993852365e-01
4.415666732603428e-01
4.416043074800731e-01
4.416436011249501e-01
4.416846636058416e-01
4.417276158736820e-01
4.417725918447006e-01
4.418197400808488e-01
4.418692257752983e-01
4.419212331058847e-01
4.419759680362771e-01
4.420336616666987e-01
4.420945742650054e-01
4.421590001481983e-01
4.422272736414183e-01
4.422997764284314e-01
4.423769467363772e-01
4.424592909673956e-01
4.425473985938041e-01
4.426419614540088e-01
4.427437994907095e-01
4.428538978861188e-01
4.429734685835240e-01
4.431040675432819e-01
4.432478342517845e-01
4.434079767844551e-01
4.435897017703340e-01
4.438018676700262e-01
4.440596869361902e-01
4.443887663120240e-01
4.448305999727863e-01
4.454492854251709e-01
4.463387402899334e-01
4.476291615293511e-01
4.494910621352166e-01
4.521351388270194e-01
4.558065933919280e-01
4.607733216261626e-01
4.673083984515825e-01
4.756682395369797e-01
4.860684810231833e-01
4.986599310024826e-01
5.135070108995478e-01
5.305710608195308e-01
5.497007634714928e-01
5.706316226266784e-01
5.929957188950766e-01
6.163417596898917e-01
6.401638767587611e-01
6.639360756431740e-01
6.871481709370995e-01
7.093387944325792e-01
7.301217132412208e-01
7.492030269018817e-01
7.663884350212400e-01
7.815812743668258e-01
7.947731257424119e-01
8.060293647011251e-01
8.154721067530945e-01
8.232627035990370e-01
8.295854416397218e-01
8.346335228784643e-01
8.385978772730561e-01
8.416589254426103e-01
8.439811037125255e-01
8.457097752967780e-01
8.469700624910617e-01
8.478671199333883e-01
8.484874035620358e-01
8.489005528229683e-01
8.491615787783535e-01
8.493131266876770e-01
8.493876511598313e-01
8.494094011579288e-01
8.493961594245882e-01
8.493607163736584e-01
8.493120832850910e-01
8.492564654200127e-01
8.491980243244459e-01
8.491394619538308e-01
8.490824589713830e-01
8.490279970172963e-01
8.489765909734531e-01
8.489284530278920e-01
8.488836061875215e-01
8.488419611043760e-01
8.488033668224527e-01
8.487676433648063e-01
8.487346019410361e-01
8.487040569032751e-01
8.486758323369867e-01
8.486497652624051e-01
8.486257067697853e-01
8.486035219543233e-01
8.485830892026607e-01
8.485642991722614e-01
8.485470536667037e-01
8.485312645214054e-01
8.485168525591994e-01
8.485037466420555e-01
8.484918828261208e-01
8.484812036170479e-01
8.484716573175176e-01
8.484631974571056e-01
8.484557822943547e-01
8.484493743816789e-01
8.484439401847447e-01
8.484394497490576e-01
8.484358764076467e-01
8.484331965245949e-01
8.484313892700948e-01
8.484304364233053e-01
8.484303221999439e-01
8.484310331019612e-01
8.484325577871151e-01
8.484348869564905e-01
8.484380132584020e-01
8.484419312072211e-01
8.484466371159242e-01
8.484521290411063e-01
8.484584067391941e-01
8.484654716326566e-01
8.484733267853831e-01
8.484819768841484e-01
8.484914282060955e-01
8.485016885138890e-01
8.485127668417412e-01
8.485246734674263e-01
8.485374208314735e-01
8.485510238458516e-01
8.485654866943059e-01
8.485807532938944e-01
8.485966740806590e-01
8.486133188566608e-01
8.486319424499377e-01
8.486541703802138e-01
8.486699453616356e-01
8.486317643248211e-01
8.484951296059280e-01
8.485521062144290e-01
8.498665221499108e-01
8.521627245480370e-01
8.447837987557351e-01
7.967952138098591e-01
6.639273707779738e-01
4.336766909436810e-01
2.245768548023403e-01
1.595924441751396e-01
1.611410325926943e-01
1.658016396290207e-01
1.668788404181090e-01
1.668403422489422e-01
1.667366183160514e-01
1.666940975878291e-01
1.666794665764212e-01
1.666732983639566e-01
1.666701689526937e-01
1.666685247062239e-01
1.666676654620513e-01
1.666672129868294e-01
1.666669703916496e-01
1.666668379479623e-01
1.666667645245482e-01
1.666667232655449e-01
1.666666997843186e-01
1.666666862582464e-01
1.666666783770846e-01
1.666666737351630e-01
1.666666709730676e-01
1.666666693135497e-01
1.666666683072717e-01
1.666666676917348e-01
1.666666673120595e-01
1.666666670759956e-01
1.666666669281009e-01
1.666666668347661e-01
1.666666667754504e-01
1.666666667375009e-01
1.666666667130637e-01
1.666666666972298e-01
1.666666666869088e-01
1.666666666801427e-01
1.666666666756820e-01
1.666666666727253e-01
1.666666666707556e-01
1.666666666694369e-01
1.666666666685495e-01
1.666666666679493e-01
1.666666666675420e-01
1.666666666672641e-01
1.666666666670737e-01
1.666666666669428e-01
1.666666666668524e-01
1.666666666667898e-01
1.666666666667460e-01
1.666666666667152e-01
1.666666666666937e-01
1.666666666666787e-01
1.666666666666682e-01
1.666666666666609e-01
1.666666666666558e-01
1.666666666666520e-01
1.666666666666496e-01
1.666666666666480e-01
1.666666666666467e-01
1.666666666666462e-01
1.666666666666457e-01
1.666666666666452e-01
1.666666666666451e-01
1.666666666666453e-01
1.666666666666453e-01
1.666666666666453e-01
1.666666666666453e-01
1.666666666666453e-01
1.666666666666453e-01
1.666666666666453e-01
1.666666666666453e-01
1.666666666666453e-01
1.666666666666453e-01
1.666666666666453e-01
1.666666666666453e-01
1.666666666666453e-01
1.666666666666453e-01
1.666666666666453e-01
1.666666666666453e-01
1.666666666666453e-01
1.666666666666453e-01
1.666666666666453e-01
1.666666666666453e-01
1.666666666666453e-01
1.666666666666453e-01
1.666666666666453e-01
1.666666666666453e-01
1.666666666666453e-01
1.666666666666453e-01
