-1.494000000000000e+01
-1.482000000000000e+01
-1.470000000000000e+01
-1.458000000000000e+01
-1.446000000000000e+01
-1.434000000000000e+01
-1.422000000000000e+01
-1.410000000000000e+01
-1.398000000000000e+01
-1.386000000000000e+01
-1.374000000000000e+01
-1.362000000000000e+01
-1.350000000000000e+01
-1.338000000000000e+01
-1.326000000000000e+01
-1.314000000000000e+01
-1.302000000000000e+01
-1.290000000000000e+01
-1.278000000000000e+01
-1.266000000000000e+01
-1.254000000000000e+01
-1.242000000000000e+01
-1.230000000000000e+01
-1.218000000000000e+01
-1.206000000000000e+01
-1.194000000000000e+01
-1.182000000000000e+01
-1.170000000000000e+01
-1.158000000000000e+01
-1.146000000000000e+01
-1.134000000000000e+01
-1.122000000000000e+01
-1.110000000000000e+01
-1.098000000000000e+01
-1.086000000000000e+01
-1.074000000000000e+01
-1.062000000000000e+01
-1.050000000000000e+01
-1.038000000000000e+01
-1.026000000000000e+01
-1.014000000000000e+01
-1.002000000000000e+01
-9.900000000000000e+00
-9.780000000000001e+00
-9.660000000000000e+00
-9.540000000000000e+00
-9.420000000000000e+00
-9.300000000000000e+00
-9.180000000000000e+00
-9.060000000000000e+00
-8.940000000000001e+00
-8.820000000000000e+00
-8.700000000000000e+00
-8.580000000000000e+00
-8.460000000000000e+00
-8.340000000000000e+00
-8.220000000000000e+00
-8.100000000000001e+00
-7.980000000000000e+00
-7.860000000000000e+00
-7.740000000000000e+00
-7.620000000000000e+00
-7.500000000000000e+00
-7.380000000000000e+00
-7.260000000000001e+00
-7.140000000000001e+00
-7.020000000000001e+00
-6.900000000000000e+00
-6.780000000000001e+00
-6.660000000000000e+00
-6.540000000000001e+00
-6.420000000000000e+00
-6.300000000000001e+00
-6.180000000000000e+00
-6.060000000000001e+00
-5.940000000000000e+00
-5.820000000000000e+00
-5.700000000000001e+00
-5.580000000000000e+00
-5.460000000000001e+00
-5.340000000000000e+00
-5.220000000000001e+00
-5.100000000000000e+00
-4.980000000000000e+00
-4.860000000000001e+00
-4.740000000000000e+00
-4.620000000000001e+00
-4.500000000000000e+00
-4.380000000000001e+00
-4.260000000000000e+00
-4.140000000000001e+00
-4.020000000000000e+00
-3.900000000000000e+00
-3.780000000000001e+00
-3.660000000000000e+00
-3.540000000000001e+00
-3.420000000000000e+00
-3.300000000000001e+00
-3.180000000000000e+00
-3.060000000000001e+00
-2.940000000000001e+00
-2.820000000000000e+00
-2.700000000000001e+00
-2.580000000000000e+00
-2.460000000000001e+00
-2.340000000000000e+00
-2.220000000000001e+00
-2.100000000000000e+00
-1.980000000000000e+00
-1.860000000000001e+00
-1.740000000000000e+00
-1.620000000000001e+00
-1.500000000000000e+00
-1.380000000000001e+00
-1.260000000000000e+00
-1.140000000000001e+00
-1.020000000000001e+00
-9.000000000000004e-01
-7.800000000000011e-01
-6.600000000000001e-01
-5.400000000000009e-01
-4.199999999999999e-01
-3.000000000000007e-01
-1.799999999999997e-01
-6.000000000000050e-02
5.999999999999872e-02
1.799999999999997e-01
2.999999999999989e-01
4.199999999999999e-01
5.399999999999991e-01
6.600000000000001e-01
7.799999999999994e-01
8.999999999999986e-01
1.020000000000000e+00
1.140000000000001e+00
1.259999999999998e+00
1.379999999999999e+00
1.500000000000000e+00
1.620000000000001e+00
1.739999999999998e+00
1.859999999999999e+00
1.980000000000000e+00
2.099999999999998e+00
2.219999999999999e+00
2.340000000000000e+00
2.460000000000001e+00
2.579999999999998e+00
2.699999999999999e+00
2.820000000000000e+00
2.939999999999998e+00
3.059999999999999e+00
3.180000000000000e+00
3.300000000000001e+00
3.419999999999998e+00
3.539999999999999e+00
3.660000000000000e+00
3.779999999999998e+00
3.899999999999999e+00
4.020000000000000e+00
4.140000000000001e+00
4.259999999999998e+00
4.379999999999999e+00
4.500000000000000e+00
4.620000000000001e+00
4.739999999999998e+00
4.859999999999999e+00
4.980000000000000e+00
5.099999999999998e+00
5.219999999999999e+00
5.340000000000000e+00
5.460000000000001e+00
5.579999999999998e+00
5.699999999999999e+00
5.820000000000000e+00
5.939999999999998e+00
6.059999999999999e+00
6.180000000000000e+00
6.300000000000001e+00
6.419999999999998e+00
6.539999999999999e+00
6.660000000000000e+00
6.779999999999998e+00
6.899999999999999e+00
7.020000000000000e+00
7.140000000000001e+00
7.259999999999998e+00
7.379999999999999e+00
7.500000000000000e+00
7.619999999999997e+00
7.739999999999998e+00
7.859999999999999e+00
7.980000000000000e+00
8.099999999999998e+00
8.219999999999999e+00
8.340000000000000e+00
8.460000000000000e+00
8.579999999999998e+00
8.700000000000000e+00
8.820000000000000e+00
8.939999999999998e+00
9.059999999999999e+00
9.180000000000000e+00
9.300000000000000e+00
9.419999999999998e+00
9.540000000000000e+00
9.660000000000000e+00
9.779999999999998e+00
9.899999999999999e+00
1.002000000000000e+01
1.014000000000000e+01
1.026000000000000e+01
1.038000000000000e+01
1.050000000000000e+01
1.062000000000000e+01
1.074000000000000e+01
1.086000000000000e+01
1.098000000000000e+01
1.110000000000000e+01
1.122000000000000e+01
1.134000000000000e+01
1.146000000000000e+01
1.158000000000000e+01
1.170000000000000e+01
1.182000000000000e+01
1.194000000000000e+01
1.206000000000000e+01
1.218000000000000e+01
1.230000000000000e+01
1.242000000000000e+01
1.254000000000000e+01
1.266000000000000e+01
1.278000000000000e+01
1.290000000000000e+01
1.302000000000000e+01
1.314000000000000e+01
1.326000000000000e+01
1.338000000000000e+01
1.350000000000000e+01
1.362000000000000e+01
1.374000000000000e+01
1.386000000000000e+01
1.398000000000000e+01
1.410000000000000e+01
1.422000000000000e+01
1.434000000000000e+01
1.446000000000000e+01
1.458000000000000e+01
1.470000000000000e+01
1.482000000000000e+01
1.494000000000000e+01
