-9.980000000000000e-01
-9.940000000000000e-01
-9.900000000000000e-01
-9.860000000000000e-01
-9.820000000000000e-01
-9.780000000000000e-01
-9.740000000000000e-01
-9.700000000000000e-01
-9.660000000000000e-01
-9.620000000000000e-01
-9.580000000000000e-01
-9.540000000000000e-01
-9.500000000000000e-01
-9.460000000000000e-01
-9.420000000000000e-01
-9.380000000000000e-01
-9.339999999999999e-01
-9.299999999999999e-01
-9.260000000000000e-01
-9.220000000000000e-01
-9.180000000000000e-01
-9.140000000000000e-01
-9.100000000000000e-01
-9.060000000000000e-01
-9.020000000000000e-01
-8.980000000000000e-01
-8.940000000000000e-01
-8.900000000000000e-01
-8.860000000000000e-01
-8.820000000000000e-01
-8.780000000000000e-01
-8.740000000000000e-01
-8.700000000000000e-01
-8.660000000000000e-01
-8.620000000000000e-01
-8.580000000000000e-01
-8.540000000000000e-01
-8.500000000000000e-01
-8.460000000000000e-01
-8.420000000000000e-01
-8.380000000000000e-01
-8.340000000000000e-01
-8.300000000000000e-01
-8.260000000000000e-01
-8.220000000000001e-01
-8.180000000000001e-01
-8.140000000000001e-01
-8.100000000000000e-01
-8.060000000000000e-01
-8.020000000000000e-01
-7.980000000000000e-01
-7.940000000000000e-01
-7.900000000000000e-01
-7.860000000000000e-01
-7.820000000000000e-01
-7.780000000000000e-01
-7.740000000000000e-01
-7.700000000000000e-01
-7.660000000000000e-01
-7.620000000000000e-01
-7.580000000000000e-01
-7.540000000000000e-01
-7.500000000000000e-01
-7.460000000000000e-01
-7.420000000000000e-01
-7.380000000000000e-01
-7.340000000000000e-01
-7.300000000000000e-01
-7.260000000000000e-01
-7.220000000000000e-01
-7.180000000000000e-01
-7.140000000000000e-01
-7.100000000000000e-01
-7.060000000000000e-01
-7.020000000000000e-01
-6.980000000000000e-01
-6.940000000000000e-01
-6.900000000000000e-01
-6.859999999999999e-01
-6.819999999999999e-01
-6.779999999999999e-01
-6.739999999999999e-01
-6.699999999999999e-01
-6.659999999999999e-01
-6.619999999999999e-01
-6.579999999999999e-01
-6.539999999999999e-01
-6.499999999999999e-01
-6.460000000000000e-01
-6.420000000000000e-01
-6.380000000000000e-01
-6.340000000000000e-01
-6.300000000000000e-01
-6.260000000000000e-01
-6.220000000000000e-01
-6.180000000000000e-01
-6.140000000000000e-01
-6.100000000000000e-01
-6.060000000000000e-01
-6.020000000000000e-01
-5.980000000000000e-01
-5.940000000000000e-01
-5.900000000000000e-01
-5.860000000000000e-01
-5.820000000000001e-01
-5.780000000000001e-01
-5.740000000000001e-01
-5.700000000000001e-01
-5.660000000000001e-01
-5.620000000000000e-01
-5.580000000000000e-01
-5.540000000000000e-01
-5.500000000000000e-01
-5.460000000000000e-01
-5.420000000000000e-01
-5.380000000000000e-01
-5.340000000000000e-01
-5.300000000000000e-01
-5.260000000000000e-01
-5.220000000000000e-01
-5.180000000000000e-01
-5.140000000000000e-01
-5.100000000000000e-01
-5.060000000000000e-01
-5.020000000000000e-01
-4.980000000000000e-01
-4.940000000000000e-01
-4.900000000000000e-01
-4.860000000000000e-01
-4.820000000000000e-01
-4.780000000000000e-01
-4.740000000000000e-01
-4.700000000000000e-01
-4.660000000000000e-01
-4.620000000000000e-01
-4.580000000000000e-01
-4.540000000000000e-01
-4.500000000000000e-01
-4.460000000000000e-01
-4.420000000000000e-01
-4.379999999999999e-01
-4.339999999999999e-01
-4.299999999999999e-01
-4.259999999999999e-01
-4.220000000000000e-01
-4.180000000000000e-01
-4.140000000000000e-01
-4.100000000000000e-01
-4.060000000000000e-01
-4.020000000000000e-01
-3.980000000000000e-01
-3.940000000000000e-01
-3.900000000000000e-01
-3.860000000000000e-01
-3.820000000000000e-01
-3.780000000000000e-01
-3.740000000000000e-01
-3.700000000000000e-01
-3.660000000000000e-01
-3.620000000000000e-01
-3.580000000000000e-01
-3.540000000000000e-01
-3.500000000000000e-01
-3.460000000000000e-01
-3.420000000000000e-01
-3.380000000000000e-01
-3.340000000000000e-01
-3.300000000000000e-01
-3.260000000000000e-01
-3.220000000000000e-01
-3.180000000000000e-01
-3.140000000000000e-01
-3.099999999999999e-01
-3.059999999999999e-01
-3.019999999999999e-01
-2.979999999999999e-01
-2.940000000000000e-01
-2.900000000000000e-01
-2.860000000000000e-01
-2.820000000000000e-01
-2.780000000000000e-01
-2.740000000000000e-01
-2.700000000000000e-01
-2.660000000000000e-01
-2.620000000000000e-01
-2.580000000000000e-01
-2.540000000000000e-01
-2.500000000000000e-01
-2.460000000000000e-01
-2.420000000000000e-01
-2.380000000000000e-01
-2.340000000000000e-01
-2.300000000000000e-01
-2.260000000000000e-01
-2.220000000000000e-01
-2.180000000000000e-01
-2.140000000000000e-01
-2.100000000000000e-01
-2.060000000000000e-01
-2.020000000000000e-01
-1.980000000000000e-01
-1.940000000000000e-01
-1.900000000000000e-01
-1.859999999999999e-01
-1.819999999999999e-01
-1.779999999999999e-01
-1.739999999999999e-01
-1.699999999999999e-01
-1.660000000000000e-01
-1.620000000000000e-01
-1.580000000000000e-01
-1.540000000000000e-01
-1.500000000000000e-01
-1.460000000000000e-01
-1.420000000000000e-01
-1.380000000000000e-01
-1.340000000000000e-01
-1.300000000000000e-01
-1.260000000000000e-01
-1.220000000000000e-01
-1.180000000000000e-01
-1.140000000000000e-01
-1.100000000000000e-01
-1.060000000000000e-01
-1.020000000000000e-01
-9.799999999999998e-02
-9.399999999999997e-02
-8.999999999999997e-02
-8.599999999999997e-02
-8.199999999999996e-02
-7.799999999999996e-02
-7.399999999999995e-02
-6.999999999999995e-02
-6.599999999999995e-02
-6.199999999999994e-02
-5.799999999999994e-02
-5.399999999999994e-02
-4.999999999999993e-02
-4.599999999999993e-02
-4.199999999999993e-02
-3.800000000000003e-02
-3.400000000000003e-02
-3.000000000000003e-02
-2.600000000000002e-02
-2.200000000000002e-02
-1.800000000000002e-02
-1.400000000000001e-02
-1.000000000000001e-02
-6.000000000000005e-03
-2.000000000000002e-03
2.000000000000002e-03
6.000000000000005e-03
1.000000000000001e-02
1.400000000000001e-02
1.800000000000002e-02
2.200000000000002e-02
2.600000000000002e-02
3.000000000000003e-02
3.400000000000003e-02
3.800000000000003e-02
4.200000000000004e-02
4.600000000000004e-02
5.000000000000004e-02
5.400000000000005e-02
5.800000000000005e-02
6.200000000000006e-02
6.600000000000006e-02
7.000000000000006e-02
7.400000000000007e-02
7.800000000000007e-02
8.200000000000007e-02
8.600000000000008e-02
9.000000000000008e-02
9.400000000000008e-02
9.800000000000009e-02
1.020000000000001e-01
1.060000000000001e-01
1.100000000000001e-01
1.140000000000001e-01
1.180000000000001e-01
1.220000000000001e-01
1.260000000000001e-01
1.300000000000001e-01
1.340000000000001e-01
1.380000000000001e-01
1.420000000000001e-01
1.460000000000001e-01
1.500000000000001e-01
1.539999999999999e-01
1.579999999999999e-01
1.619999999999999e-01
1.659999999999999e-01
1.699999999999999e-01
1.739999999999999e-01
1.779999999999999e-01
1.819999999999999e-01
1.859999999999999e-01
1.900000000000000e-01
1.940000000000000e-01
1.980000000000000e-01
2.020000000000000e-01
2.060000000000000e-01
2.100000000000000e-01
2.140000000000000e-01
2.180000000000000e-01
2.220000000000000e-01
2.260000000000000e-01
2.300000000000000e-01
2.340000000000000e-01
2.380000000000000e-01
2.420000000000000e-01
2.460000000000000e-01
2.500000000000000e-01
2.540000000000000e-01
2.580000000000000e-01
2.620000000000000e-01
2.660000000000000e-01
2.700000000000000e-01
2.740000000000000e-01
2.780000000000000e-01
2.820000000000000e-01
2.860000000000000e-01
2.900000000000000e-01
2.940000000000000e-01
2.980000000000000e-01
3.020000000000001e-01
3.060000000000001e-01
3.100000000000001e-01
3.140000000000001e-01
3.180000000000001e-01
3.220000000000001e-01
3.260000000000001e-01
3.300000000000001e-01
3.340000000000001e-01
3.380000000000001e-01
3.420000000000001e-01
3.460000000000001e-01
3.500000000000001e-01
3.540000000000001e-01
3.580000000000001e-01
3.620000000000001e-01
3.660000000000001e-01
3.700000000000001e-01
3.740000000000001e-01
3.780000000000001e-01
3.820000000000001e-01
3.860000000000001e-01
3.900000000000001e-01
3.940000000000001e-01
3.980000000000001e-01
4.020000000000001e-01
4.060000000000001e-01
4.099999999999999e-01
4.139999999999999e-01
4.179999999999999e-01
4.219999999999999e-01
4.259999999999999e-01
4.299999999999999e-01
4.339999999999999e-01
4.379999999999999e-01
4.420000000000000e-01
4.460000000000000e-01
4.500000000000000e-01
4.540000000000000e-01
4.580000000000000e-01
4.620000000000000e-01
4.660000000000000e-01
4.700000000000000e-01
4.740000000000000e-01
4.780000000000000e-01
4.820000000000000e-01
4.860000000000000e-01
4.900000000000000e-01
4.940000000000000e-01
4.980000000000000e-01
5.020000000000000e-01
5.060000000000000e-01
5.100000000000000e-01
5.140000000000000e-01
5.180000000000000e-01
5.220000000000000e-01
5.260000000000000e-01
5.300000000000000e-01
5.340000000000000e-01
5.380000000000000e-01
5.420000000000000e-01
5.460000000000000e-01
5.500000000000000e-01
5.540000000000000e-01
5.580000000000000e-01
5.620000000000000e-01
5.660000000000001e-01
5.700000000000001e-01
5.740000000000001e-01
5.780000000000001e-01
5.820000000000001e-01
5.860000000000001e-01
5.900000000000001e-01
5.940000000000001e-01
5.980000000000001e-01
6.020000000000001e-01
6.060000000000001e-01
6.100000000000001e-01
6.140000000000001e-01
6.180000000000001e-01
6.220000000000001e-01
6.260000000000001e-01
6.300000000000001e-01
6.340000000000001e-01
6.380000000000001e-01
6.420000000000001e-01
6.460000000000001e-01
6.500000000000001e-01
6.540000000000001e-01
6.580000000000001e-01
6.620000000000001e-01
6.659999999999999e-01
6.699999999999999e-01
6.739999999999999e-01
6.779999999999999e-01
6.819999999999999e-01
6.859999999999999e-01
6.900000000000000e-01
6.940000000000000e-01
6.980000000000000e-01
7.020000000000000e-01
7.060000000000000e-01
7.100000000000000e-01
7.140000000000000e-01
7.180000000000000e-01
7.220000000000000e-01
7.260000000000000e-01
7.300000000000000e-01
7.340000000000000e-01
7.380000000000000e-01
7.420000000000000e-01
7.460000000000000e-01
7.500000000000000e-01
7.540000000000000e-01
7.580000000000000e-01
7.620000000000000e-01
7.660000000000000e-01
7.700000000000000e-01
7.740000000000000e-01
7.780000000000000e-01
7.820000000000000e-01
7.860000000000000e-01
7.900000000000000e-01
7.940000000000000e-01
7.980000000000000e-01
8.020000000000000e-01
8.060000000000000e-01
8.100000000000000e-01
8.140000000000001e-01
8.180000000000001e-01
8.220000000000001e-01
8.260000000000001e-01
8.300000000000001e-01
8.340000000000001e-01
8.380000000000001e-01
8.420000000000001e-01
8.460000000000001e-01
8.500000000000001e-01
8.540000000000001e-01
8.580000000000001e-01
8.620000000000001e-01
8.660000000000001e-01
8.700000000000001e-01
8.740000000000001e-01
8.780000000000001e-01
8.820000000000001e-01
8.860000000000001e-01
8.900000000000001e-01
8.940000000000001e-01
8.980000000000001e-01
9.020000000000001e-01
9.060000000000001e-01
9.100000000000001e-01
9.140000000000001e-01
9.180000000000001e-01
9.219999999999999e-01
9.259999999999999e-01
9.299999999999999e-01
9.339999999999999e-01
9.380000000000000e-01
9.420000000000000e-01
9.460000000000000e-01
9.500000000000000e-01
9.540000000000000e-01
9.580000000000000e-01
9.620000000000000e-01
9.660000000000000e-01
9.700000000000000e-01
9.740000000000000e-01
9.780000000000000e-01
9.820000000000000e-01
9.860000000000000e-01
9.900000000000000e-01
9.940000000000000e-01
9.980000000000000e-01
