2.248465272020616e+00
2.248379881508972e+00
2.248293083950692e+00
2.248203889652243e+00
2.248111646029378e+00
2.248015857138848e+00
2.247916111900441e+00
2.247812050390874e+00
2.247703345105064e+00
2.247589689271576e+00
2.247470789069465e+00
2.247346358222688e+00
2.247216114122941e+00
2.247079774970891e+00
2.246937057617102e+00
2.246787675897373e+00
2.246631339326398e+00
2.246467752056967e+00
2.246296612039782e+00
2.246117610337576e+00
2.245930430559857e+00
2.245734748393502e+00
2.245530231210696e+00
2.245316537740312e+00
2.245093317792208e+00
2.244860212026326e+00
2.244616851760431e+00
2.244362858811714e+00
2.244097845368551e+00
2.243821413889553e+00
2.243533157027707e+00
2.243232657577859e+00
2.242919488446248e+00
2.242593212641018e+00
2.242253383282913e+00
2.241899543635583e+00
2.241531227154934e+00
2.241147957557192e+00
2.240749248905387e+00
2.240334605713916e+00
2.239903523071049e+00
2.239455486779091e+00
2.238989973512044e+00
2.238506450990535e+00
2.238004378173776e+00
2.237483205468343e+00
2.236942374953458e+00
2.236381320622524e+00
2.235799468640531e+00
2.235196237617007e+00
2.234571038894087e+00
2.233923276849253e+00
2.233252349212274e+00
2.232557647395845e+00
2.231838556839337e+00
2.231094457365055e+00
2.230324723546463e+00
2.229528725087580e+00
2.228705827212994e+00
2.227855391067669e+00
2.226976774125859e+00
2.226069330608332e+00
2.225132411907137e+00
2.224165367017092e+00
2.223167542973167e+00
2.222138285292969e+00
2.221076938423451e+00
2.219982846191022e+00
2.218855352254239e+00
2.217693800558219e+00
2.216497535789942e+00
2.215265903833673e+00
2.213998252225637e+00
2.212693930607220e+00
2.211352291175888e+00
2.209972689133119e+00
2.208554483128600e+00
2.207097035700051e+00
2.205599713707959e+00
2.204061888764667e+00
2.202482937657185e+00
2.200862242763210e+00
2.199199192459836e+00
2.197493181524472e+00
2.195743611527601e+00
2.193949891216912e+00
2.192111436892561e+00
2.190227672773214e+00
2.188298031352636e+00
2.186321953746645e+00
2.184298890030263e+00
2.182228299564955e+00
2.180109651315886e+00
2.177942424159204e+00
2.175726107179356e+00
2.173460199956486e+00
2.171144212844082e+00
2.168777667236958e+00
2.166360095829820e+00
2.163891042866621e+00
2.161370064380982e+00
2.158796728427980e+00
2.156170615307665e+00
2.153491317780660e+00
2.150758441276278e+00
2.147971604093554e+00
2.145130437595748e+00
2.142234586398672e+00
2.139283708553526e+00
2.136277475724667e+00
2.133215573362946e+00
2.130097700875163e+00
2.126923571790304e+00
2.123692913923127e+00
2.120405469535799e+00
2.117060995498199e+00
2.113659263447613e+00
2.110200059948415e+00
2.106683186652535e+00
2.103108460461318e+00
2.099475713689528e+00
2.095784794232209e+00
2.092035565735101e+00
2.088227907769367e+00
2.084361716011327e+00
2.080436902427930e+00
2.076453395468689e+00
2.072411140264730e+00
2.068310098835705e+00
2.064150250305136e+00
2.059931591124948e+00
2.055654135309783e+00
2.051317914681744e+00
2.046922979126283e+00
2.042469396859836e+00
2.037957254709784e+00
2.033386658407411e+00
2.028757732894191e+00
2.024070622641938e+00
2.019325491987012e+00
2.014522525478945e+00
2.009661928243675e+00
2.004743926361763e+00
1.999768767261916e+00
1.994736720130275e+00
1.989648076335835e+00
1.984503149872248e+00
1.979302277815950e+00
1.974045820800169e+00
1.968734163504021e+00
1.963367715155533e+00
1.957946910047547e+00
1.952472208065620e+00
1.946944095227666e+00
1.941363084235662e+00
1.935729715040191e+00
1.930044555418400e+00
1.924308201565140e+00
1.918521278695293e+00
1.912684441653399e+00
1.906798375524691e+00
1.900863796241049e+00
1.894881451176165e+00
1.888852119727086e+00
1.882776613883413e+00
1.876655778789610e+00
1.870490493308120e+00
1.864281670589550e+00
1.858030258650063e+00
1.851737240946034e+00
1.845403636924476e+00
1.839030502519179e+00
1.832618930561423e+00
1.826170051084026e+00
1.819685031518092e+00
1.813165076808710e+00
1.806611429499514e+00
1.800025369845261e+00
1.793408215996423e+00
1.786761324257191e+00
1.780086089355380e+00
1.773383944598498e+00
1.766656361751298e+00
1.759904850483021e+00
1.753130957311939e+00
1.746336264112461e+00
1.739522386410328e+00
1.732690971814086e+00
1.725843698949478e+00
1.718982277128762e+00
1.712108446697312e+00
1.705223979618515e+00
1.698330679512171e+00
1.691430380213160e+00
1.684524942106433e+00
1.677616246072107e+00
1.670706185744966e+00
1.663796659697950e+00
1.656889565725571e+00
1.649986799256989e+00
1.643090256855042e+00
1.636201843856266e+00
1.629323482970121e+00
1.622457118911970e+00
1.615604713833696e+00
1.608768230131207e+00
1.601949601200797e+00
1.595150696024317e+00
1.588373288322707e+00
1.581619043168375e+00
1.574889531406859e+00
1.568186274262711e+00
1.561510808391773e+00
1.554864748975407e+00
1.548249820460315e+00
1.541667826503278e+00
1.535120545655181e+00
1.528609565997805e+00
1.522136103467620e+00
1.515700873319383e+00
1.509304088793427e+00
1.502945635643495e+00
1.496625414815931e+00
1.490343770183729e+00
1.484101848583393e+00
1.477901707542334e+00
1.471746020706345e+00
1.465637343991972e+00
1.459577080304993e+00
1.453564467441713e+00
1.447596036453658e+00
1.441665965403379e+00
1.435767534493211e+00
1.429895489233071e+00
1.424048647951739e+00
1.418231738811002e+00
1.412455422357125e+00
1.406733850091159e+00
1.401079832720387e+00
1.395498484180473e+00
1.389980872359337e+00
1.384499895438151e+00
1.379011682512570e+00
1.373466805446418e+00
1.367833677367955e+00
1.362127589703426e+00
1.356424433931781e+00
1.350833908378278e+00
1.345434081317942e+00
1.340217535177664e+00
1.335081387875014e+00
1.329880404387140e+00
1.324513879464059e+00
1.318976367850936e+00
1.313346111691104e+00
1.307731443828146e+00
1.302206680138737e+00
1.296786161266312e+00
1.291437876759746e+00
1.286111984085021e+00
1.280763782076963e+00
1.275364763409385e+00
1.269904108118904e+00
1.264384844263744e+00
1.258817869537553e+00
1.253215901261344e+00
1.247588747664008e+00
1.241940719172868e+00
1.236270323938848e+00
1.230571746166353e+00
1.224837212747420e+00
1.219059318454477e+00
1.213232640703369e+00
1.207354371292373e+00
1.201424060250058e+00
1.195442800241602e+00
1.189412248519422e+00
1.183333816395569e+00
1.177208213599152e+00
1.171035379832276e+00
1.164814715967406e+00
1.158545466328121e+00
1.152227101752795e+00
1.145859594396966e+00
1.139443535803785e+00
1.132980107219760e+00
1.126470950159530e+00
1.119917999964550e+00
1.113323338137135e+00
1.106689098512141e+00
1.100017437448969e+00
1.093310557287941e+00
1.086570760080877e+00
1.079800506103923e+00
1.073002456934163e+00
1.066179492346016e+00
1.059334700201837e+00
1.052471346018569e+00
1.045592832574488e+00
1.038702659796048e+00
1.031804392290675e+00
1.024901637788990e+00
1.017998035875793e+00
1.011097253721411e+00
1.004202984473897e+00
9.973189443938459e-01
9.904488662035854e-01
9.835964878507305e-01
9.767655373985505e-01
9.699597157025536e-01
9.631826788081354e-01
9.564380217086144e-01
9.497292644625290e-01
9.430598409415898e-01
9.364330898794375e-01
9.298522475406600e-01
9.233204412550035e-01
9.168406832101766e-01
9.104158641700790e-01
9.040487470787896e-01
8.977419607411034e-01
8.914979938927783e-01
8.853191899825508e-01
8.792077429088255e-01
8.731656938284234e-01
8.671949290259183e-01
8.612971787328744e-01
8.554740167337288e-01
8.497268605901543e-01
8.440569723470293e-01
8.384654596331731e-01
8.329532771209984e-01
8.275212283477589e-01
8.221699679204209e-01
8.169000041261560e-01
8.117117019558255e-01
8.066052865260483e-01
8.015808468637036e-01
7.966383400006991e-01
7.917775953192246e-01
7.869983190886489e-01
7.823000991425754e-01
7.776824096553725e-01
7.731446159885076e-01
7.686859795859246e-01
7.643056629031905e-01
7.600027343571528e-01
7.557761732820957e-01
7.516248748762085e-01
7.475476551198005e-01
7.435432556451954e-01
7.396103485381276e-01
7.357475410518709e-01
7.319533802178605e-01
7.282263573397901e-01
7.245649123614418e-01
7.209674381013750e-01
7.174322843498575e-01
7.139577618249202e-01
7.105421459853042e-01
7.071836806985747e-01
7.038805817629990e-01
7.006310402821609e-01
6.974332258918525e-01
6.942852898395403e-01
6.911853679176997e-01
6.881315832533603e-01
6.851220489573384e-01
6.821548706375845e-01
6.792281487820361e-01
6.763399810170058e-01
6.734884642477668e-01
6.706716966884354e-01
6.678877797886718e-01
6.651348200651078e-01
6.624109308458311e-01
6.597142339367222e-01
6.570428612189279e-01
6.543949561873593e-01
6.517686754406250e-01
6.491621901334593e-01
6.465736874032862e-01
6.440013717831683e-01
6.414434666140140e-01
6.388982154695083e-01
6.363638836079017e-01
6.338387594654293e-01
6.313211562068749e-01
6.288094133495005e-01
6.263018984774176e-01
6.237970090642460e-01
6.212931744228339e-01
6.187888578016527e-01
6.162825586484004e-01
6.137728150622130e-01
6.112582064567188e-01
6.087373564569533e-01
6.062089360538280e-01
6.036716670403867e-01
6.011243257544465e-01
5.985657471523161e-01
5.959948292380939e-01
5.934105378724022e-01
5.908119119833183e-01
5.881980692004541e-01
5.855682119306408e-01
5.829216338901695e-01
5.802577271039605e-01
5.775759893761585e-01
5.748760322291684e-01
5.721575892990490e-01
5.694205251639171e-01
5.666648445686773e-01
5.638907019934756e-01
5.610984114947913e-01
5.582884567267092e-01
5.554615010257374e-01
5.526183974154449e-01
5.497601983574626e-01
5.468881650433496e-01
5.440037759880646e-01
5.411087346512220e-01
5.382049757781209e-01
5.352946701203888e-01
5.323802271678367e-01
5.294642955013167e-01
5.265497603636280e-01
5.236397380449435e-01
5.207375666940296e-01
5.178467931997983e-01
5.149711558424974e-01
5.121145624921504e-01
5.092810642352441e-01
5.064748244387960e-01
5.037000834121604e-01
5.009611189972117e-01
4.982622036008322e-01
4.956075583713885e-01
4.930013054028681e-01
4.904474190145066e-01
4.879496772876364e-01
4.855116151328201e-01
4.831364801985301e-01
4.808271929098187e-01
4.785863118376603e-01
4.764160054477436e-01
4.743180310673020e-01
4.722937216509030e-01
4.703439806359152e-01
4.684692848735780e-01
4.666696953213338e-01
4.649448749050931e-01
4.632941127228167e-01
4.617163535759529e-01
4.602102316910079e-01
4.587741074327985e-01
4.574061058117858e-01
4.561041556440990e-01
4.548660283248372e-01
4.536893753115076e-01
4.525717635726124e-01
4.515107084244905e-01
4.505037033468169e-01
4.495482465248615e-01
4.486418640080785e-01
4.477821294954982e-01
4.469666808565248e-01
4.461932335706365e-01
4.454595913221696e-01
4.447636540187827e-01
4.441034235169882e-01
4.434770073380791e-01
4.428826206457931e-01
4.423185867356248e-01
4.417833362571719e-01
4.412754053568816e-01
4.407934328903301e-01
4.403361568112635e-01
4.399024097990302e-01
4.394911141360351e-01
4.391012757910655e-01
4.387319776005429e-01
4.383823713646661e-01
4.380516685840014e-01
4.377391294463665e-01
4.374440495205485e-01
4.371657434008800e-01
4.369035242416602e-01
4.366566776773833e-01
4.364244279909347e-01
4.362058935175158e-01
4.360000271016103e-01
4.358055357736276e-01
4.356207708447185e-01
4.354435722437988e-01
4.352710299591431e-01
4.350990686905009e-01
4.349216268785331e-01
4.347289300955994e-01
4.345039047746718e-01
